The following data was recorded at 60 second intervals.
The Data is arranged as follows:
xPosition, yPosition, zPosition, xVelocity, yVelocity, zVelocity, xAcceleration, yAcceleration, zAcceleration 
084, 104, 101, 032, 113, 117, 105, 099, 107
032, 098, 114, 111, 119, 110, 032, 102, 111
120, 032, 106, 117, 109, 112, 101, 100, 032
111, 118, 101, 114, 032, 116, 104, 101, 032
116, 104, 105, 110, 103, 032, 111, 114, 032
115, 111, 109, 101, 116, 104, 105, 110, 103
032, 119, 105, 116, 104, 032, 097, 108, 108
032, 116, 104, 101, 032, 108, 101, 116, 116
101, 114, 115, 044, 032, 115, 111, 109, 101
032, 111, 102, 032, 119, 104, 105, 099, 104
032, 097, 112, 112, 101, 097, 114, 032, 105
110, 032, 110, 111, 117, 110, 115, 032, 108
105, 107, 101, 058, 032, 122, 101, 098, 114
097, 044, 032, 113, 117, 097, 105, 108, 044
032, 120, 121, 108, 101, 112, 104, 111, 110
101, 115, 044, 032, 097, 110, 100, 032, 118
101, 108, 111, 099, 105, 114, 097, 112, 116
111, 114, 046, 010, 010, 126, 033, 064, 035
036, 037, 094, 038, 042, 040, 041, 095, 043
096, 049, 050, 051, 052, 053, 054, 055, 056
057, 048, 045, 061, 010, 081, 087, 069, 082
084, 089, 085, 073, 079, 080, 123, 125, 124
113, 119, 101, 114, 116, 121, 117, 105, 111
112, 091, 093, 092, 010, 065, 083, 068, 070
071, 072, 074, 075, 076, 058, 034, 097, 115
100, 102, 103, 104, 106, 107, 108, 059, 039
010, 090, 088, 067, 086, 066, 078, 077, 060
062, 063, 122, 120, 099, 118, 098, 110, 109
044, 046, 047, 010, 010, 077, 073, 084, 032
076, 105, 099, 101, 110, 115, 101, 010, 010
067, 111, 112, 121, 114, 105, 103, 104, 116
032, 040, 099, 041, 032, 050, 048, 049, 055
032, 074, 111, 110, 097, 116, 104, 097, 110
032, 072, 097, 114, 116, 010, 010, 080, 101
114, 109, 105, 115, 115, 105, 111, 110, 032
105, 115, 032, 104, 101, 114, 101, 098, 121
032, 103, 114, 097, 110, 116, 101, 100, 044
032, 102, 114, 101, 101, 032, 111, 102, 032
099, 104, 097, 114, 103, 101, 044, 032, 116
111, 032, 097, 110, 121, 032, 112, 101, 114
115, 111, 110, 032, 111, 098, 116, 097, 105
110, 105, 110, 103, 032, 097, 032, 099, 111
112, 121, 010, 111, 102, 032, 116, 104, 105
115, 032, 115, 111, 102, 116, 119, 097, 114
101, 032, 097, 110, 100, 032, 097, 115, 115
111, 099, 105, 097, 116, 101, 100, 032, 100
111, 099, 117, 109, 101, 110, 116, 097, 116
105, 111, 110, 032, 102, 105, 108, 101, 115
032, 040, 116, 104, 101, 032, 034, 083, 111
102, 116, 119, 097, 114, 101, 034, 041, 044
032, 116, 111, 032, 100, 101, 097, 108, 010
105, 110, 032, 116, 104, 101, 032, 083, 111
102, 116, 119, 097, 114, 101, 032, 119, 105
116, 104, 111, 117, 116, 032, 114, 101, 115
116, 114, 105, 099, 116, 105, 111, 110, 044
032, 105, 110, 099, 108, 117, 100, 105, 110
103, 032, 119, 105, 116, 104, 111, 117, 116
032, 108, 105, 109, 105, 116, 097, 116, 105
111, 110, 032, 116, 104, 101, 032, 114, 105
103, 104, 116, 115, 010, 116, 111, 032, 117
115, 101, 044, 032, 099, 111, 112, 121, 044
032, 109, 111, 100, 105, 102, 121, 044, 032
109, 101, 114, 103, 101, 044, 032, 112, 117
098, 108, 105, 115, 104, 044, 032, 100, 105
115, 116, 114, 105, 098, 117, 116, 101, 044
032, 115, 117, 098, 108, 105, 099, 101, 110
115, 101, 044, 032, 097, 110, 100, 047, 111
114, 032, 115, 101, 108, 108, 010, 099, 111
112, 105, 101, 115, 032, 111, 102, 032, 116
104, 101, 032, 083, 111, 102, 116, 119, 097
114, 101, 044, 032, 097, 110, 100, 032, 116
111, 032, 112, 101, 114, 109, 105, 116, 032
112, 101, 114, 115, 111, 110, 115, 032, 116
111, 032, 119, 104, 111, 109, 032, 116, 104
101, 032, 083, 111, 102, 116, 119, 097, 114
101, 032, 105, 115, 010, 102, 117, 114, 110
105, 115, 104, 101, 100, 032, 116, 111, 032
100, 111, 032, 115, 111, 044, 032, 115, 117
098, 106, 101, 099, 116, 032, 116, 111, 032
116, 104, 101, 032, 102, 111, 108, 108, 111
119, 105, 110, 103, 032, 099, 111, 110, 100
105, 116, 105, 111, 110, 115, 058, 010, 010
084, 104, 101, 032, 097, 098, 111, 118, 101
032, 099, 111, 112, 121, 114, 105, 103, 104
116, 032, 110, 111, 116, 105, 099, 101, 032
097, 110, 100, 032, 116, 104, 105, 115, 032
112, 101, 114, 109, 105, 115, 115, 105, 111
110, 032, 110, 111, 116, 105, 099, 101, 032
115, 104, 097, 108, 108, 032, 098, 101, 032
105, 110, 099, 108, 117, 100, 101, 100, 032
105, 110, 032, 097, 108, 108, 010, 099, 111
112, 105, 101, 115, 032, 111, 114, 032, 115
117, 098, 115, 116, 097, 110, 116, 105, 097
108, 032, 112, 111, 114, 116, 105, 111, 110
115, 032, 111, 102, 032, 116, 104, 101, 032
083, 111, 102, 116, 119, 097, 114, 101, 046
010, 010, 084, 072, 069, 032, 083, 079, 070
084, 087, 065, 082, 069, 032, 073, 083, 032
080, 082, 079, 086, 073, 068, 069, 068, 032
034, 065, 083, 032, 073, 083, 034, 044, 032
087, 073, 084, 072, 079, 085, 084, 032, 087
065, 082, 082, 065, 078, 084, 089, 032, 079
070, 032, 065, 078, 089, 032, 075, 073, 078
068, 044, 032, 069, 088, 080, 082, 069, 083
083, 032, 079, 082, 010, 073, 077, 080, 076
073, 069, 068, 044, 032, 073, 078, 067, 076
085, 068, 073, 078, 071, 032, 066, 085, 084
032, 078, 079, 084, 032, 076, 073, 077, 073
084, 069, 068, 032, 084, 079, 032, 084, 072
069, 032, 087, 065, 082, 082, 065, 078, 084
073, 069, 083, 032, 079, 070, 032, 077, 069
082, 067, 072, 065, 078, 084, 065, 066, 073
076, 073, 084, 089, 044, 010, 070, 073, 084
078, 069, 083, 083, 032, 070, 079, 082, 032
065, 032, 080, 065, 082, 084, 073, 067, 085
076, 065, 082, 032, 080, 085, 082, 080, 079
083, 069, 032, 065, 078, 068, 032, 078, 079
078, 073, 078, 070, 082, 073, 078, 071, 069
077, 069, 078, 084, 046, 032, 073, 078, 032
078, 079, 032, 069, 086, 069, 078, 084, 032
083, 072, 065, 076, 076, 032, 084, 072, 069
010, 065, 085, 084, 072, 079, 082, 083, 032
079, 082, 032, 067, 079, 080, 089, 082, 073
071, 072, 084, 032, 072, 079, 076, 068, 069
082, 083, 032, 066, 069, 032, 076, 073, 065
066, 076, 069, 032, 070, 079, 082, 032, 065
078, 089, 032, 067, 076, 065, 073, 077, 044
032, 068, 065, 077, 065, 071, 069, 083, 032
079, 082, 032, 079, 084, 072, 069, 082, 010
076, 073, 065, 066, 073, 076, 073, 084, 089
044, 032, 087, 072, 069, 084, 072, 069, 082
032, 073, 078, 032, 065, 078, 032, 065, 067
084, 073, 079, 078, 032, 079, 070, 032, 067
079, 078, 084, 082, 065, 067, 084, 044, 032
084, 079, 082, 084, 032, 079, 082, 032, 079
084, 072, 069, 082, 087, 073, 083, 069, 044
032, 065, 082, 073, 083, 073, 078, 071, 032
070, 082, 079, 077, 044, 010, 079, 085, 084
032, 079, 070, 032, 079, 082, 032, 073, 078
032, 067, 079, 078, 078, 069, 067, 084, 073
079, 078, 032, 087, 073, 084, 072, 032, 084
072, 069, 032, 083, 079, 070, 084, 087, 065
082, 069, 032, 079, 082, 032, 084, 072, 069
032, 085, 083, 069, 032, 079, 082, 032, 079
084, 072, 069, 082, 032, 068, 069, 065, 076
073, 078, 071, 083, 032, 073, 078, 032, 084
072, 069, 010, 083, 079, 070, 084, 087, 065
082, 069, 046, 010, NaN, 049, 046, 021, 045
